constants:
    xiw: 0.812796311400000
    b_p: 0.735843822700000
    mu: 0.214894511100000
    sigmaa: 2.535553419500000
    Sdoupr_p: 10.780000003400000
    xip: 0.741218603400000
    rhotil_p: 0.850296450300000
    iota_p: 0.897367052100000
    iotaw_p: 0.489073535900000
    iotamu_p: 0.936565280700000
    adytil_p: 0.364943654300000
    aptil_p : 1.50
    alpha: 0.4
    beta: 0.998704208591811
    bigtheta_p: 0.005
    delta: 0.025
    eta_g: 0.2043
    gamma: 0.985
    lambdaf: 1.2
    lambdaw: 1.05
    muzstar_p: 1.004124413586981
    psiL: 0.7705
    sigmaL: 1
    tauc: 0.047
    tauk: 0.32
    taul: 0.241
    upsil: 1.004223171829000
    we_p: 0.005
    p_12: 0.0072
    p_22: 0.0091
    rho_theta : 0.9
    s_theta : 0.025
    rho_eps : 0.8089
    s_eps : 0.00463
    rho_muzstar : 0.1459
    s_muzstar : 0.00715
    rho_muup : 0.987025
    s_muup  : 0.003985
    # calibrated in steady-state in dynare
    phi : 0.6
    sigma : 0.259  # Set to CMR value via steady-state
    # steady-state values
    rentky_ss : 0.0502465
    pibar: 1.006010795406775
    Re_p: 0.011470654984364
    kstary_ss : 23.87
    cy_ss : 0.2147
    lambdazy_ss : 0.61
    omegabary_ss : 0.465
    ny_ss : 12.69
    wtildey_ss : 1.7653
    sy_ss : 0.8333
    yzy_ss : 2.97298
    hy_ss : 1.01047
    Rky_ss : 0.0189641
    Fpy_ss : 6.978
    Kpy_ss : 6.98355
    Fwy_ss : 2.335
    Kwy_ss : 5.42373
